Expt231: Diffraction At Slits
Analog-to-Digital Converter (ADC) Resolution: 10 bits
ADC Reference: 3.3 Volts
Displacement resolution: 5.474 um
Title: Diffraction at Slits: Amplitude vs Position
Aperture: 1mm
Slit: Double 0.02
Colour: Red
Distance: 170 - 40
  N  , Y[N] ,Y[N+1],Y[N+2],Y[N+3]
   1183,     0
   1182,     0
   1181,     0
   1180,     0
   1179,     0
   1178,     0
   1177,     0
   1176,     0
   1175,     0
   1174,     0
   1173,     0
   1172,     0
   1171,     0
   1170,     0
   1169,     0
   1168,     0
   1167,     0
   1166,     0
   1165,     0
   1164,     0
   1163,     0
   1162,     0
   1161,     0
   1160,     0
   1159,     0
   1158,     0
   1157,     0
   1156,     0
   1155,     0
   1154,     0
   1153,     0
   1152,     0
   1151,     0
   1150,     0
   1149,     0
   1148,     0
   1147,     0
   1146,     0
   1145,     0
   1144,     0
   1143,     0
   1142,     0
   1141,     0
   1140,     0
   1139,     0
   1138,     0
   1137,     0
   1136,     0
   1135,     0
   1134,     0
   1133,     0
   1132,     0
   1131,     0
   1130,     0
   1129,     0
   1128,     0
   1127,     0
   1126,     0
   1125,     0
   1124,     0
   1123,     0
   1122,     0
   1121,     0
   1120,     0
   1119,     0
   1118,     0
   1117,     0
   1116,     0
   1115,     0
   1114,     0
   1113,     0
   1112,     0
   1111,     0
   1110,     0
   1109,     0
   1108,     0
   1107,     0
   1106,     0
   1105,     0
   1104,     0
   1103,     0
   1102,     0
   1101,     0
   1100,     0
   1099,     0
   1098,     0
   1097,     0
   1096,     0
   1095,     0
   1094,     0
   1093,     0
   1092,     0
   1091,     0
   1090,     0
   1089,     0
   1088,     0
   1087,     0
   1086,     0
   1085,     0
   1084,     0
   1083,     0
   1082,     0
   1081,     0
   1080,     0
   1079,     0
   1078,     0
   1077,     0
   1076,     0
   1075,     0
   1074,     0
   1073,     0
   1072,     0
   1071,     0
   1070,     0
   1069,     0
   1068,     0
   1067,     0
   1066,     0
   1065,     0
   1064,     0
   1063,     0
   1062,     0
   1061,     0
   1060,     0
   1059,     0
   1058,     0
   1057,     0
   1056,     0
   1055,     0
   1054,     0
   1053,     0
   1052,     0
   1051,     0
   1050,     0
   1049,     0
   1048,     0
   1047,     0
   1046,     0
   1045,     0
   1044,     0
   1043,     0
   1042,     0
   1041,     0
   1040,     0
   1039,     0
   1038,     0
   1037,     0
   1036,     0
   1035,     0
   1034,     0
   1033,     0
   1032,     0
   1031,     0
   1030,     0
   1029,     0
   1028,     0
   1027,     0
   1026,     0
   1025,     0
   1024,     0
   1023,     0
   1022,     0
   1021,     0
   1020,     0
   1019,     0
   1018,     0
   1017,     0
   1016,     0
   1015,     0
   1014,     0
   1013,     0
   1012,     0
   1011,     0
   1010,     0
   1009,     0
   1008,     0
   1007,     0
   1006,     0
   1005,     0
   1004,     0
   1003,     0
   1002,     0
   1001,     0
   1000,     0
    999,     0
    998,     0
    997,     0
    996,     0
    995,     0
    994,     0
    993,     0
    992,     0
    991,     0
    990,     0
    989,     0
    988,     0
    987,     0
    986,     0
    985,     0
    984,     0
    983,     0
    982,     0
    981,     0
    980,     0
    979,     0
    978,     0
    977,     0
    976,     0
    975,     0
    974,     0
    973,     0
    972,     0
    971,     0
    970,     0
    969,     0
    968,     0
    967,     0
    966,     0
    965,     0
    964,     0
    963,     0
    962,     0
    961,     0
    960,     0
    959,     0
    958,     0
    957,     0
    956,     0
    955,     0
    954,     0
    953,     0
    952,     0
    951,     0
    950,     0
    949,     0
    948,     0
    947,     0
    946,     0
    945,     0
    944,     0
    943,     0
    942,     0
    941,     0
    940,     0
    939,     0
    938,     0
    937,     0
    936,     0
    935,     0
    934,     0
    933,     0
    932,     0
    931,     0
    930,     0
    929,     0
    928,     0
    927,     0
    926,     0
    925,     0
    924,     0
    923,     0
    922,     0
    921,     0
    920,     0
    919,     0
    918,     0
    917,     0
    916,     0
    915,     0
    914,     0
    913,     0
    912,     0
    911,     0
    910,     0
    909,     0
    908,     0
    907,     0
    906,     0
    905,     0
    904,     0
    903,     0
    902,     0
    901,     0
    900,     0
    899,     0
    898,     0
    897,     0
    896,     0
    895,     0
    894,     0
    893,     0
    892,     0
    891,     0
    890,     0
    889,     0
    888,     0
    887,     0
    886,     0
    885,     0
    884,     0
    883,     0
    882,     0
    881,     0
    880,     0
    879,     0
    878,     0
    877,     0
    876,     0
    875,     0
    874,     0
    873,     0
    872,     0
    871,     0
    870,     0
    869,     0
    868,     0
    867,     0
    866,     0
    865,     0
    864,     0
    863,     0
    862,     0
    861,     0
    860,     0
    859,     0
    858,     0
    857,     0
    856,     0
    855,     0
    854,     0
    853,     0
    852,     0
    851,     0
    850,     0
    849,     0
    848,     0
    847,     0
    846,     0
    845,     0
    844,     0
    843,     0
    842,     0
    841,     0
    840,     0
    839,     0
    838,     0
    837,     0
    836,     0
    835,     0
    834,     0
    833,     0
    832,     0
    831,     0
    830,     0
    829,     0
    828,     0
    827,     0
    826,     0
    825,     0
    824,     0
    823,     0
    822,     0
    821,     0
    820,     0
    819,     0
    818,     0
    817,     0
    816,     0
    815,     0
    814,     0
    813,     0
    812,     0
    811,     0
    810,     0
    809,     0
    808,     0
    807,     0
    806,     0
    805,     0
    804,     0
    803,     0
    802,     0
    801,     0
    800,     0
    799,     0
    798,     0
    797,     0
    796,     0
    795,     0
    794,     0
    793,     0
    792,     0
    791,     0
    790,     0
    789,     0
    788,     0
    787,     0
    786,     0
    785,     0
    784,     0
    783,     0
    782,     0
    781,     0
    780,     0
    779,     0
    778,     0
    777,     0
    776,     0
    775,     0
    774,     0
    773,     0
    772,     0
    771,     0
    770,     0
    769,     0
    768,     0
    767,     0
    766,     0
    765,     0
    764,     0
    763,     0
    762,     0
    761,     0
    760,     0
    759,     0
    758,     0
    757,     0
    756,     0
    755,     0
    754,     0
    753,     0
    752,     0
    751,     0
    750,     0
    749,     0
    748,     0
    747,     0
    746,     0
    745,     0
    744,     0
    743,     0
    742,     0
    741,     0
    740,     0
    739,     0
    738,     0
    737,     0
    736,     0
    735,     0
    734,     0
    733,     0
    732,     0
    731,     0
    730,     0
    729,     0
    728,     0
    727,     0
    726,     0
    725,     0
    724,     0
    723,     0
    722,     0
    721,     0
    720,     0
    719,     0
    718,     0
    717,     0
    716,     0
    715,     0
    714,     0
    713,     0
    712,     0
    711,     0
    710,     0
    709,     0
    708,     0
    707,     0
    706,     0
    705,     0
    704,     0
    703,     0
    702,     0
    701,     0
    700,     0
    699,     0
    698,     0
    697,     0
    696,     0
    695,     0
    694,     0
    693,     0
    692,     0
    691,     0
    690,     0
    689,     0
    688,     0
    687,     0
    686,     0
    685,     0
    684,     0
    683,     0
    682,     0
    681,     0
    680,     0
    679,     0
    678,     0
    677,     0
    676,     0
    675,     0
    674,     0
    673,     0
    672,     0
    671,     0
    670,     0
    669,     0
    668,     0
    667,     0
    666,     0
    665,     0
    664,     0
    663,     0
    662,     0
    661,     0
    660,     0
    659,     0
    658,     0
    657,     0
    656,     0
    655,     0
    654,     0
    653,     0
    652,     0
    651,     0
    650,     0
    649,     0
    648,     0
    647,     0
    646,     0
    645,     0
    644,     0
    643,     0
    642,     0
    641,     0
    640,     0
    639,     0
    638,     0
    637,     0
    636,     0
    635,     0
    634,     0
    633,     0
    632,     0
    631,     0
    630,     0
    629,     0
    628,     0
    627,     0
    626,     0
    625,     0
    624,     0
    623,     0
    622,     0
    621,     0
    620,     0
    619,     0
    618,     0
    617,     0
    616,     0
    615,     0
    614,     0
    613,     0
    612,     0
    611,     0
    610,     0
    609,     0
    608,     0
    607,     0
    606,     0
    605,     0
    604,     0
    603,     0
    602,     0
    601,     0
    600,     0
    599,     0
    598,     0
    597,     0
    596,     0
    595,     0
    594,     0
    593,     0
    592,     0
    591,     0
    590,     0
    589,     0
    588,     0
    587,     0
    586,     0
    585,     0
    584,     0
    583,     0
    582,     0
    581,     0
    580,     0
    579,     0
    578,     0
    577,     0
    576,     0
    575,     0
    574,     0
    573,     0
    572,     0
    571,     0
    570,     0
    569,     0
    568,     0
    567,     0
    566,     0
    565,     1
    564,     0
    563,     0
    562,     1
    561,     0
    560,     1
    559,     1
    558,     1
    557,     1
    556,     1
    555,     1
    554,     0
    553,     2
    552,     1
    551,     1
    550,     2
    549,     1
    548,     2
    547,     1
    546,     2
    545,     2
    544,     1
    543,     2
    542,     0
    541,     2
    540,     2
    539,     2
    538,     3
    537,     3
    536,     2
    535,     3
    534,     3
    533,     2
    532,     3
    531,     3
    530,     2
    529,     4
    528,     5
    527,     3
    526,     4
    525,     4
    524,     2
    523,     4
    522,     4
    521,     4
    520,     5
    519,     5
    518,     4
    517,     5
    516,     4
    515,     6
    514,     5
    513,     5
    512,     5
    511,     6
    510,     5
    509,     7
    508,     5
    507,     7
    506,     7
    505,     5
    504,     6
    503,     6
    502,     6
    501,     6
    500,     6
    499,     7
    498,     7
    497,     7
    496,     7
    495,     7
    494,     7
    493,     7
    492,     8
    491,     7
    490,     6
    489,     7
    488,     8
    487,     8
    486,     7
    485,     9
    484,     8
    483,     8
    482,     8
    481,     8
    480,     9
    479,     8
    478,     8
    477,     9
    476,     8
    475,     9
    474,    10
    473,     9
    472,    10
    471,    10
    470,     9
    469,    11
    468,     9
    467,     9
    466,    10
    465,     9
    464,    10
    463,    10
    462,     9
    461,    11
    460,    10
    459,    11
    458,    10
    457,    10
    456,    11
    455,    11
    454,    11
    453,    11
    452,    10
    451,    12
    450,    11
    449,    11
    448,    12
    447,    11
    446,    12
    445,    12
    444,    11
    443,    11
    442,    12
    441,    12
    440,    11
    439,    12
    438,    12
    437,    12
    436,    12
    435,    13
    434,    12
    433,    12
    432,    13
    431,    12
    430,    13
    429,    12
    428,    13
    427,    13
    426,    13
    425,    13
    424,    13
    423,    13
    422,    13
    421,    14
    420,    13
    419,    14
    418,    14
    417,    13
    416,    15
    415,    13
    414,    15
    413,    13
    412,    15
    411,    14
    410,    15
    409,    14
    408,    15
    407,    14
    406,    16
    405,    14
    404,    16
    403,    15
    402,    15
    401,    15
    400,    16
    399,    15
    398,    16
    397,    15
    396,    16
    395,    16
    394,    16
    393,    17
    392,    15
    391,    16
    390,    17
    389,    17
    388,    16
    387,    18
    386,    17
    385,    18
    384,    17
    383,    17
    382,    17
    381,    17
    380,    17
    379,    18
    378,    17
    377,    17
    376,    19
    375,    18
    374,    18
    373,    17
    372,    18
    371,    17
    370,    18
    369,    19
    368,    19
    367,    18
    366,    17
    365,    19
    364,    19
    363,    19
    362,    18
    361,    21
    360,    19
    359,    21
    358,    20
    357,    18
    356,    18
    355,    19
    354,    20
    353,    19
    352,    20
    351,    20
    350,    20
    349,    20
    348,    20
    347,    21
    346,    20
    345,    21
    344,    20
    343,    22
    342,    22
    341,    22
    340,    21
    339,    21
    338,    21
    337,    21
    336,    22
    335,    21
    334,    22
    333,    22
    332,    23
    331,    22
    330,    22
    329,    23
    328,    21
    327,    22
    326,    21
    325,    22
    324,    22
    323,    22
    322,    24
    321,    22
    320,    23
    319,    23
    318,    23
    317,    23
    316,    23
    315,    24
    314,    23
    313,    24
    312,    24
    311,    24
    310,    24
    309,    25
    308,    23
    307,    25
    306,    25
    305,    24
    304,    24
    303,    25
    302,    25
    301,    24
    300,    25
    299,    25
    298,    25
    297,    25
    296,    26
    295,    25
    294,    24
    293,    26
    292,    26
    291,    25
    290,    27
    289,    27
    288,    25
    287,    26
    286,    27
    285,    26
    284,    27
    283,    26
    282,    27
    281,    26
    280,    28
    279,    27
    278,    27
    277,    27
    276,    27
    275,    27
    274,    27
    273,    27
    272,    27
    271,    28
    270,    27
    269,    28
    268,    27
    267,    27
    266,    28
    265,    28
    264,    29
    263,    28
    262,    28
    261,    28
    260,    29
    259,    28
    258,    27
    257,    29
    256,    29
    255,    28
    254,    29
    253,    30
    252,    29
    251,    29
    250,    30
    249,    30
    248,    29
    247,    31
    246,    30
    245,    28
    244,    31
    243,    30
    242,    30
    241,    29
    240,    30
    239,    30
    238,    30
    237,    31
    236,    30
    235,    30
    234,    30
    233,    30
    232,    31
    231,    30
    230,    31
    229,    30
    228,    31
    227,    31
    226,    31
    225,    32
    224,    31
    223,    31
    222,    31
    221,    31
    220,    31
    219,    31
    218,    31
    217,    31
    216,    33
    215,    31
    214,    33
    213,    33
    212,    31
    211,    33
    210,    32
    209,    34
    208,    34
    207,    33
    206,    33
    205,    33
    204,    32
    203,    33
    202,    34
    201,    33
    200,    34
    199,    33
    198,    34
    197,    33
    196,    34
    195,    33
    194,    35
    193,    34
    192,    36
    191,    35
    190,    35
    189,    36
    188,    36
    187,    35
    186,    37
    185,    35
    184,    36
    183,    36
    182,    36
    181,    36
    180,    36
    179,    37
    178,    35
    177,    37
    176,    36
    175,    37
    174,    36
    173,    37
    172,    36
    171,    37
    170,    38
    169,    36
    168,    37
    167,    37
    166,    37
    165,    38
    164,    36
    163,    38
    162,    37
    161,    38
    160,    37
    159,    39
    158,    38
    157,    38
    156,    39
    155,    38
    154,    40
    153,    39
    152,    39
    151,    39
    150,    38
    149,    39
    148,    40
    147,    39
    146,    40
    145,    39
    144,    39
    143,    39
    142,    40
    141,    39
    140,    40
    139,    39
    138,    40
    137,    40
    136,    40
    135,    39
    134,    40
    133,    40
    132,    41
    131,    40
    130,    40
    129,    41
    128,    41
    127,    40
    126,    39
    125,    41
    124,    41
    123,    41
    122,    41
    121,    41
    120,    41
    119,    41
    118,    42
    117,    42
    116,    40
    115,    42
    114,    42
    113,    42
    112,    41
    111,    41
    110,    41
    109,    40
    108,    41
    107,    40
    106,    41
    105,    42
    104,    41
    103,    40
    102,    41
    101,    42
    100,    41
     99,    40
     98,    41
     97,    40
     96,    40
     95,    40
     94,    40
     93,    39
     92,    40
     91,    41
     90,    40
     89,    40
     88,    41
     87,    40
     86,    40
     85,    39
     84,    40
     83,    40
     82,    39
     81,    38
     80,    38
     79,    39
     78,    39
     77,    39
     76,    38
     75,    38
     74,    38
     73,    37
     72,    37
     71,    37
     70,    37
     69,    38
     68,    38
     67,    36
     66,    36
     65,    36
     64,    35
     63,    35
     62,    36
     61,    35
     60,    35
     59,    34
     58,    34
     57,    33
     56,    33
     55,    34
     54,    34
     53,    33
     52,    33
     51,    31
     50,    32
     49,    31
     48,    31
     47,    32
     46,    30
     45,    30
     44,    31
     43,    30
     42,    30
     41,    30
     40,    30
     39,    30
     38,    28
     37,    29
     36,    29
     35,    27
     34,    26
     33,    26
     32,    27
     31,    27
     30,    27
     29,    26
     28,    26
     27,    26
     26,    25
     25,    25
     24,    26
     23,    24
     22,    25
     23,    24
     22,    22
     21,    23
     20,    23
     19,    22
     18,    22
     17,    22
     16,    22
     15,    21
     14,    21
     13,    21
     12,    21
     11,    20
     10,    20
      9,    20
      8,    21
      7,    19
      6,    19
      5,    19
      4,    19
      3,    16
      2,    19
      1,    18
      0,    16
     -1,    17
     -2,    18
     -3,    18
     -4,    17
     -5,    17
     -6,    17
     -7,    15
     -8,    17
     -9,    17
    -10,    16
    -11,    16
    -12,    16
    -13,    14
    -14,    15
    -15,    15
    -16,    15
    -17,    14
    -18,    15
    -19,    13
    -20,    14
    -21,    14
    -22,    14
    -23,    15
    -24,    13
    -25,    14
    -26,    13
    -27,    11
    -28,    14
    -29,    13
    -30,    13
    -31,    13
    -32,    13
    -33,    13
    -34,    12
    -35,    12
    -36,    12
    -37,    13
    -38,    12
    -39,    13
    -40,    11
    -41,    12
    -42,    12
    -43,    13
    -44,    11
    -45,    12
    -46,    12
    -47,    12
    -48,    12
    -49,    11
    -50,    12
    -51,    12
    -52,    11
    -53,    12
    -54,    13
    -55,    11
    -56,    11
    -57,    11
    -58,    12
    -59,    11
    -60,    10
    -61,    11
    -62,    11
    -63,    12
    -64,    12
    -65,    11
    -66,    11
    -67,    13
    -68,    13
    -69,    11
    -70,    11
    -71,    12
    -72,    11
    -73,    11
    -74,    11
    -75,    11
    -76,    10
    -77,    12
    -78,    12
    -79,    11
    -80,    11
    -81,    11
    -82,    12
    -83,    11
    -84,    11
    -85,    11
    -86,    11
    -87,    11
    -88,    12
    -89,    11
    -90,    11
    -91,    11
    -92,    11
    -93,    11
    -94,    10
    -95,    10
    -96,    10
    -97,    11
    -98,    10
    -99,    11
   -100,    11
   -101,     9
   -102,    10
   -103,    10
   -104,     9
   -105,    10
   -106,     8
   -107,     9
   -108,    10
   -109,     8
   -110,    10
   -111,     9
   -112,     8
   -113,     9
   -114,     8
   -115,     8
   -116,     8
   -117,     7
   -118,     7
   -119,     8
   -120,     7
   -121,     7
   -122,     6
   -123,     8
   -124,     7
   -125,     6
   -126,     6
   -127,     7
   -128,     5
   -129,     7
   -130,     5
   -131,     5
   -132,     6
   -133,     6
   -134,     6
   -135,     4
   -136,     3
   -137,     5
   -138,     3
   -139,     2
   -140,     3
   -141,     5
   -142,     4
   -143,     3
   -144,     3
   -145,     5
   -146,     3
   -147,     2
   -148,     2
   -149,     3
   -150,     3
   -151,     2
   -152,     2
   -153,     1
   -154,     3
   -155,     2
   -156,     0
   -157,     2
   -158,     2
   -159,     1
   -160,     1
   -161,     2
   -162,     1
   -163,     0
   -164,     0
   -165,     1
   -166,     1
   -167,     0
   -168,     0
   -169,     0
   -170,     0
   -171,     0
   -172,     0
   -173,     1
   -174,     0
   -175,     0
   -176,     0
   -177,     0
   -178,     0
   -179,     0
   -180,     0
   -181,     0
   -182,     0
   -183,     0
   -184,     0
   -185,     1
   -186,     0
   -187,     0
   -188,     0
   -189,     0
   -190,     0
   -191,     0
   -192,     0
   -193,     0
   -194,     0
   -195,     0
   -196,     0
   -197,     0
   -198,     0
   -199,     0
   -200,     0
   -201,     0
   -202,     0
   -203,     0
   -204,     0
   -205,     0
   -206,     0
   -207,     0
   -208,     0
   -209,     0
   -210,     0
   -211,     0
   -212,     0
   -213,     0
   -214,     0
   -215,     0
   -216,     0
   -217,     0
   -218,     0
   -219,     0
   -220,     0
   -221,     0
   -222,     0
   -223,     0
   -224,     0
   -225,     0
   -226,     0
   -227,     0
   -228,     0
   -229,     0
   -230,     0
   -231,     0
   -232,     0
   -233,     0
   -234,     0
   -235,     0
   -236,     0
   -237,     0
   -238,     0
   -239,     0
   -240,     0
   -241,     0
   -242,     0
   -243,     0
   -244,     0
   -245,     0
   -246,     0
   -247,     0
   -248,     0
   -249,     0
   -250,     0
   -251,     0
   -252,     0
   -253,     0
   -254,     0
   -255,     0
   -256,     0
   -257,     0
   -258,     0
   -259,     0
   -260,     0
   -261,     0
   -262,     0
   -263,     0
   -264,     0
   -265,     0
   -266,     0
   -267,     0
   -268,     0
   -269,     0
   -270,     0
   -271,     0
   -272,     0
   -273,     0
   -274,     0
   -275,     0
   -276,     0
   -277,     0
   -278,     0
   -279,     0
   -280,     0
   -281,     0
   -282,     0
   -283,     0
   -284,     0
   -285,     0
   -286,     0
   -287,     0
   -288,     0
   -289,     0
   -290,     0
   -291,     0
   -292,     0
   -293,     0
   -294,     0
   -295,     0
   -296,     0
   -297,     0
   -298,     0
   -299,     0
   -300,     0
   -301,     0
   -302,     0
   -303,     0
   -304,     0
   -305,     0
   -306,     0
   -307,     0
   -308,     0
   -309,     0
   -310,     0
   -311,     0
   -312,     0
   -313,     0
   -314,     0
   -315,     0
   -316,     0
   -317,     0
   -318,     0
   -319,     0
   -320,     0
   -321,     0
   -322,     0
   -323,     0
   -324,     0
   -325,     0
   -326,     0
   -327,     0
   -328,     0
   -329,     0
   -330,     0
   -331,     0
   -332,     0
   -333,     0
   -334,     0
   -335,     0
   -336,     0
   -337,     0
   -338,     0
   -339,     0
   -340,     0
   -341,     0
   -342,     0
   -343,     0
   -344,     0
   -345,     0
   -346,     0
   -347,     0
   -348,     0
   -349,     0
   -350,     0
   -351,     0
   -352,     0
   -353,     0
   -354,     0
   -355,     0
   -356,     0
   -357,     0
   -358,     0
   -359,     0
   -360,     0
   -361,     0
   -362,     0
   -363,     0
   -364,     0
   -365,     0
   -366,     0
   -367,     0
   -368,     0
   -369,     0
   -370,     0
   -371,     0
   -372,     0
   -373,     0
   -374,     0
   -375,     0
   -376,     0
   -377,     0
   -378,     0
   -379,     0
   -380,     0
   -381,     0
   -382,     0
   -383,     0
   -384,     0
   -385,     0
   -386,     0
   -387,     0
   -388,     0
   -389,     0
   -390,     0
   -391,     0
   -392,     0
   -393,     0
   -394,     0
   -395,     0
   -396,     0
   -397,     0
   -398,     0
   -399,     0
   -400,     0
   -401,     0
   -402,     0
   -403,     0
   -404,     0
   -405,     0
   -406,     0
   -407,     0
   -408,     0
   -409,     0
   -410,     0
   -411,     0
   -412,     0
   -413,     0
   -414,     0
   -415,     0
   -416,     0
   -417,     0
   -418,     0
   -419,     0
   -420,     0
   -421,     0
   -422,     0
   -423,     0
   -424,     0
   -425,     0
   -426,     0
   -427,     0
   -428,     0
   -429,     0
   -430,     0
   -431,     0
   -432,     0
   -433,     0
   -434,     0
   -435,     0
   -436,     0
   -437,     0
   -438,     0
   -439,     0
   -440,     0
   -441,     0
   -442,     0
   -443,     0
   -444,     0
   -445,     0
   -446,     0
   -447,     0
